1   -0.337753363  0.477334370 Class 1
2    0.434243860  0.956335554 Class 1
3    1.562385564  0.098935081 Class 1
4    1.307373330  0.409178150 Class 1
5    0.735704437  0.881940742 Class 1
6   -0.679652489 -0.044557039 Class 1
7   -0.554819436  0.392234166 Class 1
8    1.155760899  0.534606726 Class 1
9   -0.408157369  0.038877724 Class 1
10   0.997144110  0.416404827 Class 1
11   0.068908014  0.582741944 Class 1
12   0.322559242  0.763231705 Class 1
13   0.731363474  0.550236121 Class 1
14  -0.188491363  0.670047711 Class 1
15   0.902106537  0.704907936 Class 1
16   1.318855791  0.089593733 Class 1
17  -0.507925825 -0.095680496 Class 1
18   0.124213492  0.805438132 Class 1
19   0.084141611  0.687083349 Class 1
20   0.296442100  0.841755841 Class 1
21   1.124854518  0.291497943 Class 1
22  -0.310227646  0.388543972 Class 1
23  -0.462288835 -0.014408360 Class 1
24   1.565761453  0.347355262 Class 1
25   0.221954009  0.835069423 Class 1
26   1.468804395 -0.090837681 Class 1
27  -0.206025985  0.385484902 Class 1
28  -0.256862145  0.550727842 Class 1
29  -0.041569499  0.613526957 Class 1
30   1.135486134  0.653023401 Class 1
31   1.782109520  0.166300100 Class 1
32   1.204819672  0.218020332 Class 1
33  -0.411726478  0.201554871 Class 1
34   1.541983788 -0.069482132 Class 1
35   1.241207853  0.650490769 Class 1
36   1.217084849  0.732956540 Class 1
37   1.095636788  0.408376887 Class 1
38   0.353105312  0.794033484 Class 1
39  -0.392187957  0.135615809 Class 1
40   0.267214953  0.636368501 Class 1
41   1.021847477  0.824372115 Class 1
42   0.538728332  0.895062661 Class 1
43   0.462782730  0.767102035 Class 1
44   0.295209486  0.799766692 Class 1
45  -0.357026811  0.449642875 Class 1
46   0.376816688  0.983210581 Class 1
47  -0.353329606 -0.061104073 Class 1
48  -0.216602884  0.764180183 Class 1
49  -0.406939771  0.199763323 Class 1
50   0.143571418  0.712470599 Class 1
51   0.513317880  0.811558850 Class 1
52  -0.610933806 -0.175223850 Class 1
53   0.523652703  0.802685379 Class 1
54   0.191544536  0.732944282 Class 1
55  -0.517597485 -0.176103386 Class 1
56   0.767366563  0.839156287 Class 1
57  -0.272639124 -0.164895296 Class 1
58   0.792452333  0.554474765 Class 1
59   1.468946414  0.220868577 Class 1
60   1.398497779  0.169229788 Class 1
61   1.535727577 -0.173799586 Class 1
62  -0.400542974  0.347138520 Class 1
63   0.066485324  0.763461159 Class 1
64   1.325796357  0.223388642 Class 1
65   1.202972086  0.623204804 Class 1
66   0.507440053  0.715913098 Class 1
67   1.401238452  0.197689824 Class 1
68   0.955173366  0.673228177 Class 1
69   1.180159616  0.646513290 Class 1
70  -0.342795872  0.369613406 Class 1
71  -0.201098312  0.470563448 Class 1
72   0.741230020  1.049636907 Class 1
73  -0.746985674 -0.083582258 Class 1
74   0.840430394  0.940652988 Class 1
75   1.115385649  0.711390520 Class 1
76   1.019762649  0.685309194 Class 1
77   0.927196507  0.640879826 Class 1
78  -0.074605253  0.642311683 Class 1
79   1.249421552  0.368272976 Class 1
80  -0.083185333  0.308682564 Class 1
81  -0.058607433  0.439065222 Class 1
82   0.302628737  0.589459112 Class 1
83  -0.016419684  0.702773758 Class 1
84  -0.554294394 -0.075927017 Class 1
85   1.211518929  0.048123675 Class 1
86   1.521366485 -0.028741211 Class 1
87   1.286651575  0.040579235 Class 1
88   0.903287436  0.805387837 Class 1
89  -0.477443092  0.414662966 Class 1
90   0.152675374  0.615821044 Class 1
91  -0.130351409  0.617358718 Class 1
92   0.254184752  0.907828805 Class 1
93  -0.458443269 -0.218756092 Class 1
94  -0.453968037  0.262578803 Class 1
95  -0.548066242  0.401212919 Class 1
96  -0.303706099  0.612411384 Class 1
97   0.772124558  0.872226479 Class 1
98   0.273686033  0.766728687 Class 1
99   0.410388053  0.696058624 Class 1
100  1.401842155 -0.222280715 Class 1
101 -0.360721508  0.378050438 Class 1
102  0.914863723  0.643022257 Class 1
103  1.390046768  0.379539578 Class 1
104  1.395256848  0.630161808 Class 1
105  0.274144253  0.827810216 Class 1
106  1.035739617  0.595769962 Class 1
107  0.442422672  0.838292821 Class 1
108  1.032297731  0.750907380 Class 1
109  1.234726851  0.424159123 Class 1
110  1.106112317  0.771355254 Class 1
111  1.564236008  0.080794442 Class 1
112  1.402187113  0.175017574 Class 1
113  1.261652295  0.542215520 Class 1
114 -0.494733819  0.407142731 Class 1
115 -0.118469176  0.609269764 Class 1
116  1.502125146  0.207564015 Class 1
117 -0.380524448  0.137404318 Class 1
118 -0.349893464  0.449053929 Class 1
119  1.439042972  0.230934929 Class 1
120 -0.270449518  0.480272320 Class 1
121  1.567538466 -0.239727812 Class 1
122  0.464294685  0.826453439 Class 1
123 -0.418068036  0.216469711 Class 1
124  0.651754749  0.966515194 Class 1
125  0.836680357  0.837931472 Class 1
126  1.022796511  0.924906266 Class 1
127  1.356108987  0.372442034 Class 1
128  0.227995776  0.766237150 Class 1
129 -0.162517247  0.774055200 Class 1
130 -0.231580255  0.599747394 Class 1
131  1.117085729  0.719897437 Class 1
132 -0.230021196  0.475488189 Class 1
133  1.463476745  0.355232450 Class 1
134  0.538833686  0.836199185 Class 1
135  1.453092118 -0.190678761 Class 1
136 -0.446413943  0.417712946 Class 1
137  0.565606891  0.708660517 Class 1
138 -0.340245206  0.259893137 Class 1
139  0.860734177  0.777279071 Class 1
140  1.463623716 -0.120595368 Class 1
141  1.161348589  0.678196869 Class 1
142 -0.623304907 -0.069967829 Class 1
143 -0.506546017 -0.171813848 Class 1
144 -0.225346673  0.605081103 Class 1
145  0.300397877  0.846554861 Class 1
146  0.346396277  0.857685243 Class 1
147 -0.012101602  0.676816959 Class 1
148 -0.615723889  0.075950708 Class 1
149  1.078350838  0.781437090 Class 1
150 -0.064161715  0.710967933 Class 1
151  0.574022738  0.809348247 Class 1
152  0.826437229  0.783538642 Class 1
153  1.344835220  0.573183493 Class 1
154  1.239589972  0.364052345 Class 1
155  1.079910435  0.630905303 Class 1
156  0.789393981  0.954947566 Class 1
157  0.341723155  0.914435230 Class 1
158  0.131327625  0.820410597 Class 1
159  0.967675153  0.686334134 Class 1
160  1.605929827  0.152215426 Class 1
161  1.072198349  0.902667934 Class 1
162  1.133443401  0.728337768 Class 1
163  0.922628746  0.913070870 Class 1
164  0.140463577  0.782146914 Class 1
165 -0.399396286  0.169456800 Class 1
166  1.379653885  0.119637093 Class 1
167  0.175424165  0.782425662 Class 1
168  1.143554908  0.475738129 Class 1
169  1.433659082  0.231240987 Class 1
170  0.081359097  0.856548783 Class 1
171 -0.543831565 -0.188957081 Class 1
172  0.738714941  0.930280961 Class 1
173  0.869251798  0.743305840 Class 1
174 -0.446008816  0.258984864 Class 1
175 -0.272193059  0.399281781 Class 1
176  0.070735187  0.762624917 Class 1
177 -0.186598845  0.676488596 Class 1
178 -0.595141340 -0.035837176 Class 1
179  0.416248239  0.776898357 Class 1
180  0.307006022  0.838620192 Class 1
181 -0.391734946  0.161585886 Class 1
182  1.187276813  0.318188455 Class 1
183  0.116460385  0.699436580 Class 1
184 -0.377135536  0.379341461 Class 1
185  1.295464999  0.427107351 Class 1
186 -0.349438080  0.334066238 Class 1
187  1.397640850  0.401092403 Class 1
188  1.352033828  0.107686741 Class 1
189  0.077369187  0.694345753 Class 1
190  1.495510158  0.263413470 Class 1
191 -0.180380500  0.940555585 Class 1
192  1.197399512  0.663072055 Class 1
193 -0.469900155 -0.210700959 Class 1
194  1.270330070  0.700887219 Class 1
195 -0.407375604  0.278529684 Class 1
196 -0.228996321  0.538844127 Class 1
197  0.407389314  0.684783012 Class 1
198  1.303016158  0.425570828 Class 1
199 -0.316551312  0.454423044 Class 1
200 -0.458480672  0.069831539 Class 1
201  0.254236060 -0.374571352 Class 2
202  0.548919355 -0.073558326 Class 2
203  0.256785125 -0.414059681 Class 2
204  0.541337211  0.233145152 Class 2
205  0.357114406 -0.113230940 Class 2
206 -0.291490520 -0.912150264 Class 2
207 -1.537546407  0.028572703 Class 2
208  0.002386691 -0.631317759 Class 2
209 -0.507743770 -0.803587363 Class 2
210 -0.614693761 -0.787752853 Class 2
211 -1.438757876 -0.300646780 Class 2
212 -1.222107580 -0.357241853 Class 2
213  0.177391975 -0.310337441 Class 2
214 -0.295721963 -0.770627892 Class 2
215 -1.283701668 -0.180512417 Class 2
216 -0.484610631 -0.783698729 Class 2
217 -0.804130298 -0.911606455 Class 2
218 -0.614210576 -0.617085958 Class 2
219 -1.550638310  0.210784811 Class 2
220 -0.860296617 -0.649182887 Class 2
221  0.588016343 -0.200549535 Class 2
222  0.333569037 -0.193886542 Class 2
223 -1.470381517 -0.033604944 Class 2
224  0.380150467 -0.444778862 Class 2
225  0.088061898 -0.672555097 Class 2
226 -0.663547473 -0.956081162 Class 2
227 -1.130416606 -0.587208014 Class 2
228  0.129087532 -0.533428570 Class 2
229 -1.008443869 -0.716534690 Class 2
230  0.106623670 -0.737541133 Class 2
231 -0.927834166 -0.610692338 Class 2
232  0.671707954 -0.134646182 Class 2
233 -1.353487185 -0.014548925 Class 2
234 -1.172048474 -0.166751061 Class 2
235  0.538739907  0.087516613 Class 2
236  0.255695043 -0.224640327 Class 2
237 -0.656626164 -0.917450087 Class 2
238  0.234089792 -0.323901444 Class 2
239 -1.141090544 -0.519953395 Class 2
240 -0.180699162 -0.668521129 Class 2
241 -1.103868593 -0.800196780 Class 2
242  0.090133544 -0.773390869 Class 2
243 -1.189394730 -0.746514539 Class 2
244 -0.443905774 -0.866952949 Class 2
245 -0.514716171 -0.896778854 Class 2
246 -0.661779407 -0.950500835 Class 2
247 -1.466684754 -0.359299876 Class 2
248 -1.506784148  0.059154108 Class 2
249 -1.092142835 -0.570687492 Class 2
250  0.073668434 -0.539112691 Class 2
251 -0.286586224 -0.922519311 Class 2
252  0.613325128 -0.339898992 Class 2
253 -1.477463390  0.006430244 Class 2
254 -1.361333115 -0.123829683 Class 2
255 -1.239642560 -0.424099475 Class 2
256 -1.078241864 -0.837290871 Class 2
257 -0.151559961 -0.710436235 Class 2
258 -1.092229164 -0.514483811 Class 2
259  0.410556332 -0.080456663 Class 2
260 -1.318798351 -0.031476765 Class 2
261 -1.242747822 -0.302713958 Class 2
262  0.294926595 -0.240968826 Class 2
263  0.611704567  0.039719931 Class 2
264 -1.466995364 -0.117890297 Class 2
265  0.267923918 -0.600711184 Class 2
266 -0.408195496 -0.543189668 Class 2
267  0.784025176  0.205043379 Class 2
268 -1.220659776 -0.636597443 Class 2
269  0.379697879 -0.177253037 Class 2
270 -1.305928650 -0.340611208 Class 2
271  0.114139755 -0.550961203 Class 2
272 -1.391616813  0.052676902 Class 2
273  0.371739000 -0.444178347 Class 2
274  0.087567829 -0.832085096 Class 2
275 -1.547327826 -0.262401800 Class 2
276  0.027098170 -0.608488508 Class 2
277  0.270726475 -0.345317871 Class 2
278  0.526676302 -0.065490738 Class 2
279 -1.521477155 -0.407361146 Class 2
280 -1.301649012 -0.386064875 Class 2
281 -0.851951673 -0.752417619 Class 2
282 -0.083916828 -0.604757744 Class 2
283 -1.202345989 -0.262452903 Class 2
284 -0.260919456 -1.053759177 Class 2
285 -1.558496737 -0.002487419 Class 2
286  0.542798636 -0.191307806 Class 2
287 -1.125777315 -0.688144971 Class 2
288  0.427417167  0.012790599 Class 2
289 -0.497057263 -0.787179802 Class 2
290 -1.026144345 -0.373956100 Class 2
291  0.110622107 -0.496575478 Class 2
292 -0.790336248 -0.761740758 Class 2
293 -1.525213709 -0.063799404 Class 2
294 -1.309312106 -0.472135842 Class 2
295  0.372673218 -0.008581464 Class 2
296 -0.691561516 -0.896617171 Class 2
297  0.418923021 -0.153104582 Class 2
298 -1.408388414 -0.390893320 Class 2
299 -0.656188292 -0.692334881 Class 2
300 -1.279484561 -0.065080285 Class 2
301 -1.095766671 -0.749114546 Class 2
302 -0.569444100 -0.969077975 Class 2
303  0.334457409  0.094876467 Class 2
304  0.484666543  0.065767955 Class 2
305 -0.928913980 -0.678631554 Class 2
306  0.362059643 -0.458322499 Class 2
307 -0.301332272 -0.898533276 Class 2
308 -0.934250383 -0.717014402 Class 2
309  0.036432891 -0.703735013 Class 2
310 -0.834492065 -0.940417886 Class 2
311 -1.302184642 -0.609376283 Class 2
312 -1.397307181 -0.138875795 Class 2
313 -1.438528049 -0.393448595 Class 2
314  0.310194127 -0.354033676 Class 2
315 -1.526816390  0.069009453 Class 2
316 -1.041720669 -0.965614535 Class 2
317  0.472201177 -0.136541955 Class 2
318 -1.378632828 -0.489040688 Class 2
319 -1.535466081 -0.104049510 Class 2
320  0.619047362  0.097373731 Class 2
321  0.423288142 -0.482954252 Class 2
322 -1.036733753 -0.657257734 Class 2
323 -0.548852572 -0.752795708 Class 2
324 -1.616143089 -0.164009527 Class 2
325 -0.798641418 -0.619000930 Class 2
326 -0.526702735 -0.809305845 Class 2
327 -0.799001143 -0.848607255 Class 2
328  0.499739708 -0.023748625 Class 2
329 -0.915427601 -0.753966581 Class 2
330 -1.375830349  0.190409814 Class 2
331 -0.679856740 -0.828565699 Class 2
332 -0.549570555 -0.941239486 Class 2
333 -0.610646302 -0.732904733 Class 2
334 -1.497693587 -0.201024567 Class 2
335 -1.148108733 -0.548269293 Class 2
336 -0.522562262 -0.819342972 Class 2
337 -0.101328497 -0.710040743 Class 2
338  0.232495026 -0.459916155 Class 2
339  0.475800710 -0.513286631 Class 2
340 -0.499480940 -0.982065283 Class 2
341 -1.385679728  0.220632086 Class 2
342 -0.981219856 -0.526422368 Class 2
343 -0.938753046 -0.609417743 Class 2
344 -0.152215546 -0.776011975 Class 2
345 -0.122028855 -0.836579361 Class 2
346 -1.446189935 -0.206642257 Class 2
347 -1.020334290 -0.742916680 Class 2
348 -0.339097476 -0.954644117 Class 2
349  0.465135214 -0.268223830 Class 2
350 -1.050193973 -0.557499585 Class 2
351 -1.158143319 -0.440436625 Class 2
352 -1.188310748 -0.422329409 Class 2
353 -1.343454725 -0.311063208 Class 2
354 -0.801757172 -0.744606845 Class 2
355 -1.197804844 -0.513570738 Class 2
356  0.602579086 -0.019447578 Class 2
357 -0.408599198 -0.979485201 Class 2
358 -1.418332539 -0.366151761 Class 2
359  0.273425107 -0.601563651 Class 2
360  0.450829983 -0.222560886 Class 2
361 -0.784626400 -0.666928092 Class 2
362  0.274789935 -0.424580849 Class 2
363 -0.879742394 -0.932125595 Class 2
364  0.482491786 -0.051679619 Class 2
365 -0.506850720 -0.842125389 Class 2
366 -1.184788386 -0.204269971 Class 2
367 -1.584827304 -0.155335686 Class 2
368 -0.157685420 -0.704730785 Class 2
369  0.459568331 -0.264450393 Class 2
370  0.296430205 -0.629978675 Class 2
371 -0.919392677 -0.839149679 Class 2
372  0.269820039 -0.425258494 Class 2
373  0.566267309  0.089520797 Class 2
374 -1.456223701 -0.246775802 Class 2
375 -0.350767706 -0.850569272 Class 2
376 -0.304627377 -0.876242847 Class 2
377 -0.355938495 -1.067011175 Class 2
378 -0.463826478 -0.939554375 Class 2
379 -0.429483518 -0.683802598 Class 2
380 -1.156044265 -0.648810991 Class 2
381  0.396030916  0.150623468 Class 2
382 -1.413117113 -0.298905424 Class 2
383 -1.097715182 -0.731001900 Class 2
384 -0.211712063 -0.763224966 Class 2
385 -0.943362355 -0.746423412 Class 2
386 -1.335171685 -0.091270173 Class 2
387 -1.346549890  0.229380641 Class 2
388 -0.090354402 -0.744061580 Class 2
389 -0.871997146 -0.571012347 Class 2
390 -0.990506640 -0.966048181 Class 2
391 -1.114138568 -0.609677668 Class 2
392  0.263232124 -0.478559296 Class 2
393 -0.947778102 -0.687100666 Class 2
394 -1.414227016 -0.069755467 Class 2
395 -1.302990410 -0.295402716 Class 2
396 -0.220070027 -0.701971213 Class 2
397  0.285222493 -0.366880289 Class 2
398 -1.167611873 -0.409816208 Class 2
399 -0.268404101 -0.740782815 Class 2
400  0.210779427 -0.639456041 Class 2